AAPL 160.08 155.32 157.07 -3.01 -0.0188030984508 155.32 -4.76 -0.0297351324338
MSFT 72.79 71.41 72.04 -0.75 -0.0103036131337 71.41 -1.38 -0.018958648166
CSCO 31.67 31.0 31.36 -0.31 -0.00978844332176 31.0 -0.67 -0.0211556678244
TSLA 365.22 355.13 361.28 -3.94 -0.0107880181808 355.13 -10.09 -0.0276271836154
GOOD 20.70 20.72 20.83 0.13 0.00628019323671 20.72 0.02 0.000966183574879
FB 171.23 167.4 168.47 -2.76 -0.0161186707937 167.4 -3.83 -0.0223675757753
BABA 157.50 151.77 153.38 -4.12 -0.0261587301587 151.77 -5.73 -0.036380952381
AMZN 989.84 956.92 961.96 -27.88 -0.0281661682696 956.92 -32.92 -0.0332579002667
SWIR 25.10 22.7 22.8 -2.3 -0.0916334661355 22.75 -2.35 -0.093625498008
BIDU 229.45 222.57 223.88 -5.57 -0.0242754412726 222.57 -6.88 -0.0299847461321
GOOG 926.79 907.24 912.74 -14.05 -0.0151598528253 907.24 -19.55 -0.0210943147854
NFLX 178.36 169.14 170.6 -7.76 -0.0435075128953 169.14 -9.22 -0.0516932047544
V 101.28 99.49 99.93 -1.35 -0.0133293838863 99.49 -1.79 -0.0176737756714
MA 129.84 127.67 128.49 -1.35 -0.0103974121996 127.67 -2.17 -0.0167128773876
STM 17.130 16.52 16.68 -0.45 -0.0262697022767 16.52 -0.61 -0.035610040864
