AAPL 156.39 159.91 161.48 5.09 0.0325468380331 160.07 3.68 0.023530916299
MSFT 72.68 72.44 73.08 0.4 0.00550357732526 72.73 0.05 0.000687947165658
CSCO 31.80 31.64 31.93 0.13 0.00408805031447 31.68 -0.12 -0.00377358490566
TSLA 356.91 364.0 368.45 11.54 0.0323330811689 365.12 8.21 0.0230029979547
GOOD 20.810 20.78 20.93 0.12 0.00576645843345 20.86 0.05 0.00240269101394
FB 169.62 170.67 172.97 3.35 0.0197500294777 171.05 1.43 0.00843060959792
BABA 153.33 157.16 159.79 6.46 0.0421313506815 157.33 4.0 0.0260875236418
AMZN 987.58 985.79 995.5 7.92 0.00801960347516 988.37 0.79 0.000799935195123
SWIR 25.20 25.21 26.0 0.8 0.031746031746 25.25 0.05 0.00198412698413
BIDU 226.05 228.93 233.0 6.95 0.0307454103075 229.12 3.07 0.0135810661358
GOOG 927.96 925.93 932.93 4.97 0.0053558343032 926.56 -1.4 -0.00150868571921
