AAPL 158.81 160.2 161.06 2.25 0.0141678735596 161.06 2.25 0.0141678735596
MSFT 72.40 72.24 72.51 0.11 0.00151933701657 72.47 0.07 0.000966850828729
CSCO 31.84 31.41 31.62 -0.22 -0.00690954773869 31.62 -0.22 -0.00690954773869
TSLA 355.17 363.53 367.54 12.37 0.0348283920376 363.53 8.36 0.0235380240448
GOOD 20.810 20.7 20.8 -0.01 -0.000480538202787 20.7 -0.11 -0.00528592023066
FB 171.98 170.64 171.43 -0.55 -0.00319804628445 171.18 -0.8 -0.00465170368648
BABA 158.84 156.57 157.71 -1.13 -0.00711407705868 157.49 -1.35 -0.00849911860992
AMZN 992.27 979.02 985.18 -7.09 -0.00714523264837 982.01 -10.26 -0.0103399276407
SWIR 25.10 23.6 24.4 -0.7 -0.0278884462151 23.65 -1.45 -0.0577689243028
BIDU 227.16 226.91 230.3 3.14 0.0138228561366 230.3 3.14 0.0138228561366
GOOG 929.36 919.95 925.39 -3.97 -0.00427175690798 922.9 -6.46 -0.00695102005681
NFLX 181.33 174.29 175.81 -5.52 -0.0304417360613 175.78 -5.55 -0.030607180279
V 101.49 100.71 101.16 -0.33 -0.00325155187703 100.97 -0.52 -0.0051236575032
MA 129.840 129.59 130.01 0.17 0.00130930375847 129.72 -0.12 -0.000924214417745
STM 17.32 17.05 17.17 -0.15 -0.00866050808314 17.13 -0.19 -0.0109699769053
