AAPL 160.43 157.48 158.17 -2.26 -0.0140871408091 157.48 -2.95 -0.0183880820295
MSFT 72.47 72.19 72.66 0.19 0.00262177452739 72.5 0.03 0.000413964399062
CSCO 31.62 31.4 31.5 -0.12 -0.00379506641366 31.47 -0.15 -0.00474383301708
TSLA 363.53 355.75 358.11 -5.42 -0.0149093609881 357.87 -5.66 -0.0155695540946
GOOD 20.72 20.47 20.53 -0.19 -0.00916988416988 20.47 -0.25 -0.0120656370656
FB 171.18 167.98 168.54 -2.64 -0.0154223624255 168.08 -3.1 -0.0181095922421
BABA 157.49 150.14 152.12 -5.37 -0.0340974030097 151.7 -5.79 -0.0367642389993
AMZN 982.01 965.91 968.7 -13.31 -0.013553833464 967.99 -14.02 -0.014276840358
SWIR 23.65 23.0 23.15 -0.5 -0.0211416490486 23.0 -0.65 -0.0274841437632
BIDU 230.30 222.84 223.88 -6.42 -0.0278766825879 223.49 -6.81 -0.0295701259227
GOOG 922.90 914.39 916.7 -6.2 -0.00671795427457 914.39 -8.51 -0.00922093401235
NFLX 175.78 171.2 172.15 -3.63 -0.0206508135169 171.4 -4.38 -0.0249175105245
V 100.97 100.0 100.22 -0.75 -0.00742794889571 100.09 -0.88 -0.00871546003763
MA 129.72 128.55 128.79 -0.93 -0.00716928769658 128.55 -1.17 -0.00901942645698
STM 17.130 16.56 16.61 -0.52 -0.0303561004086 16.6 -0.53 -0.0309398715703
