AAPL 157.48 161.22 161.65 4.17 0.0264795529591 161.62 4.14 0.0262890525781
MSFT 72.50 73.23 73.36 0.86 0.0118620689655 73.25 0.75 0.0103448275862
CSCO 31.47 31.99 32.08 0.61 0.0193835398793 32.04 0.57 0.0181124880839
TSLA 357.87 362.28 364.27 6.4 0.0178835890128 363.93 6.06 0.0169335233465
GOOD 20.47 20.81 20.88 0.41 0.0200293111871 20.81 0.34 0.0166096726917
FB 168.08 170.49 171.08 3.0 0.0178486435031 170.9 2.82 0.0167777248929
BABA 151.70 156.1 156.6 4.9 0.0323005932762 156.33 4.63 0.0305207646671
AMZN 967.99 983.28 985.05 17.06 0.0176241490098 983.99 16.0 0.016529096375
SWIR 23.00 22.55 22.7 -0.3 -0.0130434782609 22.55 -0.45 -0.0195652173913
BIDU 223.49 225.41 225.95 2.46 0.0110072039017 225.56 2.07 0.00926215938073
GOOG 914.39 921.24 922.5 8.11 0.00886930084537 921.85 7.46 0.00815844442743
NFLX 171.40 168.45 169.67 -1.73 -0.0100933488915 169.54 -1.86 -0.0108518086348
V 100.09 102.32 102.5 2.41 0.0240783295034 102.44 2.35 0.0234788690179
MA 131.09 131.49 131.66 0.57 0.00434815775421 131.54 0.45 0.00343275612175
STM 16.6200 16.85 16.94 0.32 0.0192539109507 16.94 0.32 0.0192539109507
